
算法                                  x         y           z        rx        ry         rz  四元数姿态(w,x,y,z)                                                                        距离
---------------------------  ----------  --------  ----------  --------  --------  ---------  -------------------------------------------------------------------------------------  --------
end_link->marker:Tsai-Lenz   -0.0347667  0.204872  -0.0922341  -48.7375  -68.09     -41.3924  [0.6244326089614827, -0.5000520282351991, -0.35623048482426656, -0.48283716468938837]  0.227351
end_link->marker:Park         0.0570935  0.127657  -0.113865   -30.5089  -80.8487   -68.1797  [0.512608943543728, -0.5165168005557563, -0.40583160141198615, -0.5529404823649747]    0.180337
end_link->marker:Horaud       0.0578971  0.128004  -0.113838   -21.0959  -81.4885   -76.9583  [0.5087341886934725, -0.5078281075798452, -0.41601210442295633, -0.556986595332285]    0.180821
end_link->marker:Daniilidis   0.0161166  0.262866  -0.179623    46.6624  -81.5127  -138.736   [0.48706029386941974, -0.45530423949827054, -0.4919885224097794, -0.5598371311799331]  0.318784

算法平均值测试             x           y            z         rx         ry         rz        距离
----------------  ----------  ----------  -----------  ---------  ---------  ---------  ----------
mean              0.0240851   0.18085     -0.12489      -13.42    -77.985     -81.3166  0.226823
var               0.00143996  0.00323149   0.00107646  1302.04     32.7076   1270.63    0.00318356
std               0.0379468   0.0568462    0.0328095     36.0838    5.71906    35.6459  0.056423

Tsai-Lenz                     x           y          z        rx          ry         rz  四元数姿态(w,x,y,z)                                                                        距离
-------------------  ----------  ----------  ---------  --------  ----------  ---------  -------------------------------------------------------------------------------------  --------
base_link->camera0   -0.0356458  -0.180871   0.83841     2.22338   0.332466   0.154826   [0.4471992226364343, 0.8757738038162941, 0.14147882949158747, -0.11409136964818362]    0.858438
base_link->camera1   -0.120189   -0.601974   0.874849   -3.0862   -0.251426   0.201579   [0.039947093682364175, -0.98634563231913, -0.1032411457334105, -0.12193354394489177]   1.06873
base_link->camera2   -0.228194   -0.543352   0.939338   -2.89703  -0.23734    0.107526   [0.1272586621405069, -0.9833523986556963, -0.06738078398725175, -0.11082925118198718]  1.1089
base_link->camera3   -0.342825   -0.654856   0.892997   -3.04411  -0.308441   0.120571   [0.05729898022066406, -0.9847142676816172, -0.0669338317842803, -0.15024812828319078]  1.15923
base_link->camera4   -0.504486   -0.482441   1.0516      2.69564  -0.121096   0.509404   [0.19873630818477372, 0.9454231315044903, 0.2323200863484683, 0.11272248978961538]     1.26219
base_link->camera5   -0.108574   -0.562261   1.13831     3.02109  -0.312818   0.0893786  [0.05247179021033545, 0.9854353581398219, 0.03467892915671328, 0.15799125935477284]    1.27424
base_link->camera6   -0.0378957  -0.693414   0.89809     3.06171  -0.287152   0.158354   [0.028085819233211108, 0.9862751481553349, 0.07252264550052012, 0.1456467808733771]    1.13526
base_link->camera7    0.598766   -0.569454   0.928982   -2.87471   0.146608   0.190472   [0.12518618831039371, -0.9848954753324801, -0.08429334223603946, 0.0848761060640776]   1.2433
base_link->camera8    0.149897   -0.185472   0.814071    2.48215   0.261289   1.11024    [0.3377779395908152, 0.7749763830767039, 0.5302494304870847, 0.06444540842647911]      0.848281
base_link->camera9    0.484961   -0.461745   0.685431   -3.07521   0.243173   0.555746   [0.001575147151919342, 0.9551200910089127, 0.2682651270050703, -0.12560633859614537]   0.958233
base_link->camera10  -0.0140671  -0.444258   0.956292    2.72728  -0.111699   0.20629    [0.19864236909287766, 0.9730828170055847, 0.08918338351982869, 0.07548088866461275]    1.05454
base_link->camera11  -0.151146   -0.470027   0.924306    2.86179   0.189209   0.209063   [0.14782568069691043, 0.9790462162765771, 0.11596032356367214, -0.07854475081137817]   1.04791
base_link->camera12   0.0660473  -0.473786   0.839594   -2.79938   0.168844   0.205212   [0.16026432652084704, -0.9781938957144725, -0.0862885862963757, 0.10003163452996275]   0.96631
base_link->camera13   0.0435143  -0.523366   0.810181   -3.09629   0.510106   0.239622   [0.008388295485911489, 0.9611496716210615, 0.10995480840559713, -0.25304324798353156]  0.965504
base_link->camera14  -0.0241437  -0.595262   0.86426    -2.87307   0.0540005  0.221198   [0.13003846000510141, -0.9849855615882798, -0.10574891206086598, 0.04135952103284198]  1.0497
mean                 -0.0149321  -0.496169   0.897115   -0.31153   0.0183815  0.285298   1.0667178357931737
var                   0.0730508   0.0199336  0.0104463   8.10848   0.0669286  0.0649875  0.016765246555503703
std                   0.270279    0.141186   0.102207    2.84754   0.258706   0.254926   0.12948068024034978

Park                           x            y          z         rx            ry          rz  四元数姿态(w,x,y,z)                                                                          距离
-------------------  -----------  -----------  ---------  ---------  ------------  ----------  ---------------------------------------------------------------------------------------  --------
base_link->camera0   -0.174816    -0.280359    0.87137     2.31504    0.0679839     0.226041   [0.40232922916004327, 0.9079020722890416, 0.11678750723785608, 0.014342128500222158]     0.931905
base_link->camera1    0.00749927  -0.508745    0.793774    3.10929    0.0186738     0.196162   [0.016984272066828465, 0.9950060109243793, 0.09805680522136868, -0.007709453709062025]   0.942844
base_link->camera2   -0.100328    -0.422441    0.861553   -3.02706    0.0153012     0.139491   [0.05656131648188108, -0.995934885524999, -0.06913594040064355, 0.011607885985931028]    0.964777
base_link->camera3   -0.192057    -0.604927    0.826673   -3.044     -0.0255301     0.147073   [0.04958030071400586, -0.9959833035747749, -0.07399775817984225, -0.009131514975285806]  1.04221
base_link->camera4   -0.36547     -0.368502    0.978274    2.65348    0.154679      0.454476   [0.25161323518765993, 0.9383884081330324, 0.2361475481542184, -0.018769945676636892]     1.10742
base_link->camera5    0.0718011   -0.387226    1.22095     2.91685   -0.0918351    -0.0365992  [0.11283356350486277, 0.9923851173020146, -0.023310320610435337, 0.04355450444327893]    1.28289
base_link->camera6    0.110178    -0.547488    0.964168    2.97142   -0.0566009     0.033168   [0.08446985598077954, 0.9958863285857005, 0.014112198773474069, 0.02959915222533789]     1.11423
base_link->camera7    0.401269    -0.585848    1.00016    -2.96581   -0.0843546     0.0489151  [0.08870161243176623, -0.9948659345229239, -0.028039108766467882, -0.03984475696269019]  1.2266
base_link->camera8    0.107642    -0.36238     0.906485    2.50056   -0.021211      1.08791    [0.2643588514333984, 0.8137767004149205, 0.4882803122833417, 0.1716514379989331]         0.982151
base_link->camera9    0.333594    -0.540007    0.771016    3.10965   -0.000122981   0.433558   [0.015583362460969098, 0.9764709247326163, 0.21505691501023486, 0.0034950354103817577]   0.998679
base_link->camera10   0.163773    -0.407332    0.889134    2.70609    0.146829      0.0895951  [0.21844473041913737, 0.9720689376968912, 0.05943721661577861, -0.06189585929540603]     0.991615
base_link->camera11  -0.0150718   -0.577148    0.867805    3.08272    0.358044      0.184484   [0.04523566735045697, 0.9789276926821777, 0.09581877398956123, -0.17456537299946956]     1.04231
base_link->camera12  -0.10691     -0.543936    0.816806   -2.76018   -0.090576      0.0972973  [0.19129629485737637, -0.9792859621926369, -0.05627027028852846, -0.03519074463459499]   0.987151
base_link->camera13  -0.121296    -0.455973    0.798602    2.98515    0.294565      0.153424   [0.08828223089689939, 0.982369682578924, 0.08700930272971844, -0.1399479749626233]       0.927571
base_link->camera14  -0.140338    -0.47018     0.822075   -3.12259   -0.0711597     0.169335   [0.012469906345906275, -0.9957136766921608, -0.08484588929998814, -0.03464030243513418]  0.957377
mean                 -0.00136868  -0.470833    0.892589    0.895375   0.040979      0.228289   1.03331595268624
var                   0.0390119    0.00880362  0.0121685   7.57561    0.0182391     0.0690376  0.010643305616799539
std                   0.197514     0.0938276   0.110311    2.75238    0.135052      0.26275    0.1031663977116558

Horaud                          x            y          z        rx           ry          rz  四元数姿态(w,x,y,z)                                                                           距离
-------------------  ------------  -----------  ---------  --------  -----------  ----------  ----------------------------------------------------------------------------------------  --------
base_link->camera0   -0.174007     -0.280079    0.871739    2.31237   0.0469838    0.206038   [0.40279699721465856, 0.9091969131590186, 0.10351032294225415, 0.020029108351512177]      0.932015
base_link->camera1    0.0109441    -0.507571    0.793071    3.09953   0.0300447    0.171074   [0.02223375419179806, 0.9959842047267357, 0.08571902508338457, -0.013167112369262069]     0.941652
base_link->camera2   -0.095566     -0.418296    0.860588   -3.04114   0.0268401    0.116592   [0.04933526021887686, -0.9969917777525501, -0.0575115543575605, 0.016304855360373766]     0.961622
base_link->camera3   -0.187196     -0.601551    0.82707    -3.05343  -0.00819958   0.125953   [0.04423794955686666, -0.9970283573123921, -0.06305339930800681, -0.0013142943590040562]  1.03969
base_link->camera4   -0.362559     -0.36019     0.97736     2.63936   0.163059     0.428213   [0.25876553310139755, 0.9390748702445965, 0.22490080847909566, -0.024462487594127693]     1.10291
base_link->camera5    0.0809069    -0.393096    1.22454     2.93205  -0.0763039   -0.0571481  [0.10554461901207685, 0.9932731696427106, -0.03238015726470543, 0.034932352927214895]     1.28863
base_link->camera6    0.117453     -0.552966    0.966337    2.98782  -0.0406998    0.0144539  [0.07664629057413033, 0.9968245081091113, 0.005641101162085771, 0.02084284414213844]      1.11954
base_link->camera7    0.400898     -0.576785    1.00024    -2.98933  -0.085481     0.0338299  [0.07669960696813309, -0.9959952249883969, -0.020099108515858416, -0.04131232174683793]   1.22224
base_link->camera8    0.100172     -0.362017    0.904084    2.47991  -0.0371737    1.07581    [0.2699109691591778, 0.8151646301584119, 0.4792857284264339, 0.1814934847122499]          0.979009
base_link->camera9    0.330064     -0.534635    0.772256    3.085    -0.00288329   0.418535   [0.027376016189805893, 0.9777992724124617, 0.2076199240226993, 0.007287232399510152]      0.995569
base_link->camera10   0.16747      -0.410535    0.889188    2.70734   0.150981     0.0610872  [0.2169598188736631, 0.9727889846092533, 0.04597638767564874, -0.06705371125824049]       0.9936
base_link->camera11  -0.013428     -0.579169    0.86795     3.08757   0.363957     0.158151   [0.040772099110744, 0.9796704420404567, 0.08253352672379732, -0.17824611606677981]        1.04353
base_link->camera12  -0.110484     -0.544281    0.817593   -2.76308  -0.0960925    0.069224   [0.18943308209134785, -0.9801104300424623, -0.04297801427723366, -0.04063917592838459]    0.988386
base_link->camera13  -0.12367      -0.453556    0.799179    2.9717    0.285933     0.125048   [0.0926836331728586, 0.983546426639425, 0.07368754582662276, -0.1364416225964289]         0.927198
base_link->camera14  -0.140724     -0.467891    0.822202   -3.13238  -0.0748237    0.14297    [0.007262195698420834, -0.9967252113997712, -0.07154512814435356, -0.03697848174989261]   0.956421
mean                  1.83208e-05  -0.469508    0.892893    0.88822   0.0430761    0.205989   1.0328011896374474
var                   0.0387727     0.00872001  0.0123063   7.59505   0.0180453    0.0703229  0.01081651417233337
std                   0.196908      0.093381    0.110934    2.75591   0.134333     0.265185   0.10400247195299432

Daniilidis                    x           y         z        rx           ry           rz  四元数姿态(w,x,y,z)                                                                           距离
-------------------  ----------  ----------  --------  --------  -----------  -----------  ----------------------------------------------------------------------------------------  --------
base_link->camera0   -0.104013   -0.190431   0.994102   2.3398   -0.0605633    0.0516774   [0.38921277919258174, 0.9202882419452528, 0.011965042991308683, 0.03794472291002647]      1.01751
base_link->camera1    0.0284743  -0.521025   0.941591   2.99467   0.0611753    0.0108985   [0.07352734051232242, 0.996809299895018, 0.0076766299066194366, -0.03010015271167339]     1.07651
base_link->camera2   -0.0510856  -0.419862   1.00062    3.11578   0.0526344   -0.0280998   [0.012531546254738391, 0.9994765688044251, -0.013703822803709048, -0.026490639855678788]  1.08634
base_link->camera3   -0.139752   -0.614667   0.973305   3.11648   0.0756482   -0.00535033  [0.012445880266440048, 0.9992036745464203, -0.0021982303351672297, -0.037845536338098]    1.1596
base_link->camera4   -0.326446   -0.284098   1.11378    2.50493   0.181708     0.270195    [0.3204565728027268, 0.9333991107843209, 0.15553043134224687, -0.043404721644824715]      1.1949
base_link->camera5   -0.0117948  -0.502846   1.2907     3.02575  -0.0105034   -0.212871    [0.058115967201317, 0.9926277306498467, -0.10635716202259729, -0.0009363694196007359]     1.38524
base_link->camera6    0.0204508  -0.669702   1.01883    3.08908   0.0288636   -0.131062    [0.025247556354790347, 0.9974306451231206, -0.06507688120549718, -0.016114235940709428]   1.2194
base_link->camera7    0.565596   -0.552231   1.03488   -3.11673  -0.0699131   -0.0966715   [0.010717969313987538, -0.9981657371490708, 0.047849813461518814, -0.03550607929826423]   1.30224
base_link->camera8    0.0968447  -0.197536   0.917921   2.36562  -0.123945     0.960168    [0.3084372185937822, 0.8302761196410015, 0.4059220582340427, 0.2252450442941002]          0.943917
base_link->camera9    0.46676    -0.462466   0.804998   2.94846  -0.00153082   0.286757    [0.09531943224383276, 0.9851378963357118, 0.14214915602499723, 0.014530949086092313]      1.03912
base_link->camera10   0.122589   -0.409664   1.03241    2.67308   0.145919    -0.130777    [0.22637240144416906, 0.9691324313689421, -0.04650440256269428, -0.08587902465450761]     1.11746
base_link->camera11  -0.0174762  -0.549598   1.01935    3.06382   0.424102    -0.0297876   [0.03486787431238496, 0.9768758190542751, -0.006367742633364759, -0.21084903922410977]    1.15821
base_link->camera12  -0.0551969  -0.554794   0.957378  -2.74231  -0.0974836   -0.121556    [0.19481355413446916, -0.9777534783472448, 0.04981911009811346, -0.05969816558649259]     1.10789
base_link->camera13  -0.0616981  -0.457346   0.936528   2.94185   0.214907    -0.0561288   [0.09609539700861279, 0.9891888084711378, -0.017071158899753386, -0.1094520507027034]     1.04406
base_link->camera14  -0.110913   -0.500831   0.970098   3.13336  -0.131296    -0.0357423   [0.005277586955381375, 0.997673344035105, -0.018101425346499764, 0.06551628864766773]     1.09737
mean                  0.028156   -0.45914    1.00043    2.09691   0.0459815    0.0487766   1.1299840427548529
var                   0.0473756   0.0184858  0.010407   3.96059   0.0208323    0.0769406   0.011873164705682065
std                   0.217659    0.135963   0.102015   1.99012   0.144334     0.277382    0.1089640523552702
