
算法(end_link->camera)              x           y          z        rx        ry         rz  四元数姿态(w,x,y,z)                                                                       distance
---------------------------  --------  ----------  ---------  --------  --------  ---------  --------------------------------------------------------------------------------------  ----------
end_link->camera:Tsai-Lenz   0.189222  -0.0319907  0.0917262  -15.2523   1.60979   -32.2689  [0.9525398582997473, -0.12359972640648723, 0.05025000671726776, -0.2736162692667472]      0.212702
end_link->camera:Park        0.160014   0.0803532  0.113804   -32.1637  12.5943   -122.979   [0.48256989214636353, -0.03881234075925272, 0.29225460335554965, -0.8247467176146414]     0.212161
end_link->camera:Horaud      0.158873   0.0787343  0.113246   -32.2995  13.0103   -121.64    [0.49281464261256025, -0.039728850707139655, 0.29434277438788814, -0.8178738763487835]    0.210391
end_link->camera:Daniilidis  0.17164    0.101215   0.14775    -31.3457  14.1966   -140.508   [0.3542186576058352, 0.021411979638934372, 0.2925079991866042, -0.8879807093308457]       0.248062

算法平均值测试              x           y           z         rx        ry        rz         距离
----------------  -----------  ----------  ----------  ---------  --------  --------  -----------
mean              0.169937     0.0570781   0.116632    -27.7653   10.3528   -104.349  0.220829
var               0.000148925  0.00272302  0.00040202   52.3251   25.8255   1787.26   0.000247943
std               0.0122035    0.0521825   0.0200504     7.23361   5.08188    42.276  0.0157462

Tsai-Lenz                     x           y            z          rx         ry         rz  四元数姿态(w,x,y,z)                                                                       距离
-------------------  ----------  ----------  -----------  ----------  ---------  ---------  ------------------------------------------------------------------------------------  --------
base_link->marker0   0.297325    -0.0343622   0.00703081  -1.95212     0.636005  1.4186     [0.23516628382015184, -0.7111108316653747, -0.37948923448622585, 0.5431446630055909]  0.299387
base_link->marker1   0.290073    -0.0388389  -0.0129997   -0.728178    0.537409  1.2625     [0.6715104386260667, -0.4235642811266926, -0.002338192497831626, 0.607997996234937]   0.29295
base_link->marker2   0.392974     0.457898   -0.00877007   0.167342   -0.749951  1.59449    [0.6259616101068697, 0.31544452949754925, -0.19936009930842302, 0.6847790609285747]   0.60347
base_link->marker3   0.371139     0.266752   -0.0937089    0.54252    -0.341777  1.49588    [0.6650076140926102, 0.30499991809051075, 0.059473552923627326, 0.6791191498303341]   0.466565
base_link->marker4   0.389467     0.180504   -0.0780462   -0.407278   -0.522227  1.70062    [0.6634489898574927, 0.061091018653510534, -0.31362428130212283, 0.6765671699651677]  0.4363
base_link->marker5   0.471884     0.344594   -0.120206    -0.149717   -0.486501  1.53542    [0.7088753158362074, 0.11457892239522229, -0.22322372693254378, 0.6591954375412591]   0.596547
base_link->marker6   0.385419     0.332016   -0.0878149    0.467991   -0.262922  1.46769    [0.6957786189709051, 0.2560966348997795, 0.05925768102476836, 0.6684273739274272]     0.51623
base_link->marker7   0.344278     0.313988   -0.12566      0.325979   -0.231972  1.39203    [0.7401054609314142, 0.1969050460492729, 0.01571022644305131, 0.6428261804912283]     0.482604
base_link->marker8   0.427325     0.282964   -0.125078     0.266417   -0.295354  1.38875    [0.7408515917163911, 0.1942732747289257, -0.02800544497993518, 0.642349210966173]     0.52756
base_link->marker9   0.501679     0.248451   -0.107077     0.238844   -0.359901  1.39434    [0.735220906453672, 0.2039599555097731, -0.06098323692096197, 0.64353057431371]       0.569978
base_link->marker10  0.277452     0.474708    0.0362386    0.0970214  -0.822355  1.45086    [0.6721868969549815, 0.2981219977648189, -0.26921112079070164, 0.6219432630500639]    0.551036
base_link->marker11  0.453041     0.175399    0.0117555   -0.272873   -0.651573  1.70315    [0.6510938106583116, 0.15365341224731868, -0.3058344869315053, 0.677445750765725]     0.485952
base_link->marker12  0.452933     0.187578   -0.0402719    0.0507716  -0.602084  1.50908    [0.6904422653131824, 0.2206958044847778, -0.19936384811063768, 0.6594216376632908]    0.49189
base_link->marker13  0.414158     0.225053   -0.0350845   -0.418318   -0.682151  1.7814     [0.6337280936377186, 0.1313555752280652, -0.35791325714568256, 0.6730769024043062]    0.472659
mean                 0.390653     0.24405    -0.0556923   -0.126542   -0.345382  1.50677    0.4852234722129935
var                  0.00448573   0.0209687   0.00293647   0.381584    0.177161  0.0194315  0.008221379122908426
std                  0.0669756    0.144806    0.0541892    0.617725    0.420905  0.139397   0.09067182099698023

Park                          x            y            z         rx         ry        rz  四元数姿态(w,x,y,z)                                                                        距离
-------------------  ----------  -----------  -----------  ---------  ---------  --------  -------------------------------------------------------------------------------------  --------
base_link->marker0   0.299588     0.0129832    0.0471443   1.33986    0.95229    -1.85492  [0.19019939547100403, 0.6185131491688295, -0.22601863329158467, -0.728135462446876]    0.303553
base_link->marker1   0.285271    -0.00278926   0.0516268   2.88052    1.00697    -1.57847  [0.25924721750739743, -0.6563087051538814, 0.5722046515588595, 0.41788945965208535]    0.289918
base_link->marker2   0.437297     0.293918    -0.0175981   0.446122   0.218394    2.78672  [0.1948370858091754, -0.06579807882201065, 0.2352046647249426, 0.9499409921191675]     0.527187
base_link->marker3   0.413288     0.277232    -0.0786927   0.0996758  0.261233    2.94042  [0.10589393832267183, -0.12446639702791161, 0.06220590748676469, 0.9845938324563854]   0.503842
base_link->marker4   0.402082     0.240344    -0.0611732   0.227198   0.306498    2.87737  [0.1464980330640605, -0.13558748698629255, 0.13102876325484558, 0.9710745712256131]    0.472416
base_link->marker5   0.41963      0.280301    -0.140265    0.431274   0.042176    2.81307  [0.16415074148230133, 0.014660173661409872, 0.21441077705638467, 0.962739649158123]    0.523767
base_link->marker6   0.426965     0.358596    -0.0734173   0.0764216  0.114237    2.99845  [0.07351905292410449, -0.054172501401500345, 0.04212103951551638, 0.9949302020640342]  0.562388
base_link->marker7   0.396663     0.346726    -0.105304    0.14743    0.179014    2.92266  [0.11505880866974579, -0.08059732510448765, 0.0826533994671127, 0.9866275676718297]    0.537261
base_link->marker8   0.405263     0.287661    -0.127344    0.223116   0.114322    2.92664  [0.11275014398661173, -0.04452465355425817, 0.11659395128366168, 0.9857539301371991]   0.513034
base_link->marker9   0.415662     0.229309    -0.132528    0.237035   0.0931612   2.91906  [0.11561224463992778, -0.03283610616939625, 0.12251585228191553, 0.9851626591383706]   0.49287
base_link->marker10  0.336861     0.32048      0.0302791   0.186865   0.112429    2.73529  [0.20569283625295523, -0.03599580128664016, 0.10252000184409349, 0.9725658890922688]   0.465939
base_link->marker11  0.423258     0.070112    -0.0421401   0.335116   0.477025    2.65428  [0.26937940076009387, -0.18697164883073966, 0.2134666853617957, 0.9202762168068319]    0.43109
base_link->marker12  0.380952     0.0881124   -0.115287    0.464077   0.335265    2.71081  [0.24256998439232502, -0.11016379044102005, 0.25620415374967187, 0.9291841440473405]   0.407651
base_link->marker13  0.433997     0.203685    -0.0101765   0.136394   0.448903    2.7451   [0.20643236976517995, -0.20462080397528995, 0.1088671480698502, 0.9506124064858273]    0.479526
mean                 0.391198     0.214762    -0.0553482   0.516508   0.332994    2.18546  0.46503168461897415
var                  0.00222681   0.0139323    0.00416178  0.522787   0.0857901   2.54994  0.006288867111665173
std                  0.0471891    0.118035     0.0645119   0.72304    0.292899    1.59685  0.07930237771760171

Horaud                        x            y            z         rx         ry        rz  四元数姿态(w,x,y,z)                                                                        距离
-------------------  ----------  -----------  -----------  ---------  ---------  --------  -------------------------------------------------------------------------------------  --------
base_link->marker0   0.298592     0.0109307    0.0468051   1.33081    0.976276   -1.86761  [0.18048780210091478, 0.6208975570004404, -0.2189070475953805, -0.730746249745245]     0.302436
base_link->marker1   0.284183    -0.00487079   0.0508738   2.88378    1.03144    -1.58095  [0.2689031921338391, -0.6519844552746992, 0.5685259441460363, 0.4235393655532428]      0.288742
base_link->marker2   0.433064     0.29422     -0.0187839   0.44135    0.201406    2.76786  [0.20197896333072915, -0.055928172877314185, 0.2322122250152613, 0.9498178880205991]   0.523891
base_link->marker3   0.411771     0.275329    -0.0793264   0.107162   0.244133    2.92542  [0.11340264414776834, -0.11514480017899643, 0.06596298254774413, 0.984647348153358]    0.501652
base_link->marker4   0.403238     0.23866     -0.0586847   0.211357   0.31121     2.85307  [0.1574102185245024, -0.13753121859372583, 0.12528058453643665, 0.9698515155189489]    0.472232
base_link->marker5   0.418181     0.280572    -0.139803    0.427021   0.0365582   2.78882  [0.17527141997152101, 0.019588916952427957, 0.21170401891341784, 0.9612895568192262]   0.522629
base_link->marker6   0.425615     0.356875    -0.0736833   0.0830445  0.0982228   2.98099  [0.08208112347573625, -0.04556550396758078, 0.045261169189816486, 0.9945541214940048]  0.560301
base_link->marker7   0.395678     0.344353    -0.105566    0.154386   0.168296    2.90223  [0.1250524326760903, -0.07402449325507172, 0.08629882982530401, 0.9856139079025341]    0.535056
base_link->marker8   0.404444     0.286546    -0.127016    0.227519   0.10351     2.90491  [0.1229779186175211, -0.037653589879076604, 0.1186378382198836, 0.9845728525834104]    0.51168
base_link->marker9   0.41485      0.229398    -0.131648    0.239098   0.0805936   2.89761  [0.12548898247377563, -0.025200014090148683, 0.12314915811063765, 0.9840994662249308]  0.491991
base_link->marker10  0.331876     0.32029      0.028573    0.184601   0.0947397   2.7174   [0.21364279203050593, -0.02671340644431002, 0.09992881205557169, 0.9714202920727532]   0.462108
base_link->marker11  0.423297     0.0698298   -0.0411502   0.319176   0.472897    2.6267   [0.28038109969070363, -0.184317677699293, 0.20828374525448234, 0.9187117687754616]     0.430987
base_link->marker12  0.379307     0.0882562   -0.115085    0.458498   0.324919    2.68676  [0.25248278197470536, -0.10289758015821732, 0.2539936570680388, 0.9279826264392562]    0.406088
base_link->marker13  0.434441     0.202823    -0.00828532  0.115638   0.446842    2.71952  [0.21644450665792014, -0.20448511701169614, 0.1014351326127596, 0.949235759087359]     0.479526
mean                 0.389896     0.213801    -0.0551985   0.513103   0.327932    2.16591  0.46352276651425683
var                  0.00225382   0.0139501    0.00411552  0.523851   0.0930582   2.535    0.006242323653712446
std                  0.0474744    0.118111     0.0641524   0.723776   0.305054    1.59217  0.07900837711099024

Daniilidis                    x          y            z        rx         ry         rz  四元数姿态(w,x,y,z)                                                                           距离
-------------------  ----------  ---------  -----------  --------  ---------  ---------  ----------------------------------------------------------------------------------------  --------
base_link->marker0   0.331581    0.0310674   0.0632027   1.48948   0.661236   -1.78451   [0.2652113084704172, 0.5881902793743577, -0.3492564820290446, -0.6794961860596569]        0.338977
base_link->marker1   0.316509    0.0178806   0.0717357   2.92868   0.700159   -1.58062   [0.17209827206355344, -0.6831014172549511, 0.6380506068921866, 0.3108794968175436]        0.325029
base_link->marker2   0.502563    0.280614   -0.00690712  0.637812  0.410868    3.00965   [0.1251034684290633, -0.17305003536713195, 0.3190377867019667, 0.923373000527286]         0.57564
base_link->marker3   0.442256    0.302285   -0.0947048   0.155194  0.491989   -3.12      [0.008437228198546984, -0.2435857449432156, 0.07255985935815057, 0.9671245343029563]      0.544
base_link->marker4   0.407039    0.275744   -0.0981337   0.365171  0.317617   -3.08171   [0.00036585180029462445, 0.16081057202410542, -0.17455209995286092, -0.9714275014018218]  0.501344
base_link->marker5   0.460081    0.265115   -0.159287    0.593419  0.136212    3.0763    [0.05103026497367319, -0.05552317485690724, 0.2936661403249575, 0.9529287943687963]       0.554376
base_link->marker6   0.448939    0.37976    -0.0967964   0.137742  0.303727   -3.03261   [0.04331680893307386, 0.15440306690479524, -0.0597031843432172, -0.9852506669744142]      0.59593
base_link->marker7   0.42043     0.375295   -0.123593    0.193777  0.356387   -3.09659   [0.0048983030948552865, 0.1785181880748529, -0.09121157097809818, -0.9796875585986432]    0.57696
base_link->marker8   0.430292    0.295791   -0.156323    0.304691  0.268582   -3.08296   [0.008400620708687162, 0.1366883717274105, -0.14644725694361727, -0.9796932782967881]     0.545051
base_link->marker9   0.441608    0.218557   -0.169281    0.350269  0.23915    -3.09431   [0.002330626697345043, 0.12152185123428476, -0.17017123549287405, -0.9778899521227421]    0.521
base_link->marker10  0.408508    0.305262    0.0418437   0.348101  0.319083    2.94139   [0.12455025388895546, -0.13859534383344277, 0.18575455037615496, 0.9647661954786968]      0.511679
base_link->marker11  0.464419    0.080458   -0.0516393   0.522731  0.609167    2.98322   [0.15014804986064273, -0.26930426279869574, 0.268650274591532, 0.9125556460421421]        0.474157
base_link->marker12  0.434301    0.0727359  -0.125931    0.63488   0.509731    2.98665   [0.14961126802576144, -0.2154230717975742, 0.31968406099806357, 0.9105006698299608]       0.458003
base_link->marker13  0.452959    0.23686    -0.0361427   0.328461  0.519873    3.08558   [0.06870081221053372, -0.2490372232121583, 0.1650389605087419, 0.9518523001866332]        0.512426
mean                 0.42582     0.224102   -0.0672827   0.642172  0.417413   -0.270752  0.5024694284964303
var                  0.00228191  0.0139999   0.00636448  0.508298  0.0264335   8.30476   0.0062422870829669285
std                  0.0477693   0.118321    0.0797777   0.71295   0.162584    2.8818    0.07900814567477792

原始数据 :

hand,0.054952, 0.0, 0.203386, 0.0, 85.00000000000001, 0.0
eye,0.020792294293642044, -0.02281801402568817, 0.13189099729061127, 167.08922660259782, -19.331009099106847, 84.96653595897506
hand,0.054952, 0.0, 0.203386, 0.0, 85.00000000000001, 0.0
eye,0.03976493701338768, -0.014296773821115494, 0.1254652887582779, -119.64327923439922, -27.687841607152478, 89.52416004527612
hand,0.421112, 0.117008, 0.290113, 128.872, 15.341999999999999, 134.807
eye,0.11424709111452103, 0.015026449225842953, 0.23264549672603607, -132.19739196639426, -8.280958838072019, 102.63304114275459
hand,0.534126, 0.014164, 0.081881, 136.099, -10.701000000000002, 155.872
eye,0.017811575904488564, -0.03583977371454239, 0.17734608054161072, -146.6399055852255, -39.66467869965297, 100.05460661380042
hand,0.210259, 0.44926, 0.182373, -149.467, -0.974, -94.007
eye,0.04762496054172516, -0.03375377506017685, 0.2375749945640564, 177.95105821887316, 42.16987154605744, -149.07119448760363
hand,0.513633, 0.171427, 0.20703, 161.025, 26.50200000000001, 155.734
eye,-0.0048135011456906796, 0.049375828355550766, 0.2050187736749649, -164.56204556787773, 2.6951893917583196, 115.31486804386671
hand,0.527685, 0.091999, 0.067427, 147.724, -16.998000000000005, 143.67600000000002
eye,0.002303637098520994, -0.03132180497050285, 0.15279655158519745, -150.52789144146195, -36.13301335995409, 86.90915043219402
hand,0.527475, 0.173316, 0.110799, 149.319, 0.6690000000000019, 165.419
eye,0.02312796749174595, -0.03569134697318077, 0.15209804475307465, -168.18176890362884, -29.722686132852722, 121.72216436149385
hand,0.550223, 0.072279, 0.112341, 151.556, 2.2890000000000015, 155.29
eye,-0.012712755240499973, 0.0012950224336236715, 0.18304374814033508, -162.90381618122905, -24.026285379491064, 110.97348532918959
hand,0.553422, -0.045585, 0.114182, 149.14300000000003, 0.8630000000000017, 142.318
eye,-0.025731157511472702, 0.041604384779930115, 0.21639132499694824, -155.37051864954634, -21.69754142677837, 97.41716775002521
hand,0.272852, 0.105684, 0.387585, 129.527, 9.035, 133.81
eye,0.11869277060031891, -0.047543708235025406, 0.30407780408859253, -145.01764525865934, -8.817176352992886, 104.00684998303488
hand,0.296849, 0.210031, 0.386051, -148.11, 31.546999999999993, -117.407
eye,-0.07491650432348251, -0.02178829349577427, 0.28124213218688965, -163.60500819071646, 27.243036205767105, -173.5318054032143
hand,0.40656, -0.044281, 0.330555, 153.231, 36.495999999999995, 166.445
eye,-0.03429608419537544, 0.03828722611069679, 0.29555681347846985, -151.71402464891725, -2.9918764038326016, 134.55617281039653
hand,0.159304, 0.412978, 0.238368, -138.267, 0.2750000000000038, -84.36500000000001
eye,-0.007332574110478163, -0.027210082858800888, 0.2703861594200134, -162.78912896520924, 44.963864370845656, -129.6727962863608